# GIMP colorrc
# 
# This file holds a list of recently used colors.

(color-history
    (color-rgba 0 0 0 1)
    (color-rgba 1 0 0 1)
    (color-rgba 0.25882354378700256 0.19607843458652496 0.13725490868091583 1)
    (color-rgba 1 1 1 1)
    (color-rgba 0.41960784792900085 0.39215686917304993 0.43529412150382996 1)
    (color-rgba 0.25514403292181065 0.18664899052669368 0.18664899052669368 1)
    (color-rgba 0.39215686274509803 0.58431372549019611 0.92941176470588238 1)
    (color-rgba 0 1 0.41188118811881225 1)
    (color-rgba 0.039603960396039639 0 1 1)
    (color-rgba 0.89803922176361084 0.62352943420410156 0.3490196168422699 1)
    (color-rgba 1 0.88235294818878174 0.3490196168422699 1)
    (color-rgba 0.12549020349979401 0.38431373238563538 0.019607843831181526 1)
    (color-rgba 0.81603773584905659 0.81603773584905659 0.81603773584905659 1)
    (color-rgba 1 0.88330385220125796 0.34895833333333337 1)
    (color-rgba 1 0.98226218553459121 0.90104166666666663 1)
    (color-rgba 0.59060402684563762 0.83320904797414841 1 1)
    (color-rgba 0.13900320073159567 0.46913580246913578 0 1)
    (color-rgba 0.30864197530864201 0.22100289590001529 0 1)
    (color-rgba 0.19885657469550089 0.39633220095561661 0.92592592592592593 1)
    (color-rgba 0.69643991493357638 0.80082529570197691 0.81069958847736623 1)
    (color-rgba 0.08235294371843338 0.27843138575553894 0 1)
    (color-rgba 0.12604990440768049 0.38271604938271608 0.017979948628718222 1)
    (color-rgba 0.082914189910074598 0.27983539094650201 0 1)
    (color-rgba 0 1 0.049382716049382935 1)
    (color-rgba 0 0.56790123456790154 1 1)
    (color-rgba 0.93827160493827155 0.93827160493827155 0.93827160493827155 1)
    (color-rgba 0 0.092281505873976294 0.49528301886792447 1)
    (color-rgba 0 0.070541191086264318 0.37860082304526754 1)
    (color-rgba 0 0.038670345318618633 0.20754716981132071 1)
    (color-rgba 0.3960784375667572 0.21960784494876862 0 1)
    (color-rgba 0.57647061347961426 0.28627452254295349 0 1)
    (color-rgba 1 0.81176471710205078 0 1)
    (color-rgba 0.21960784494876862 1 0 1)
    (color-rgba 0 0.11372549086809158 1 1)
    (color-rgba 0.7607843279838562 0 1 1)
    (color-rgba 0.61176472902297974 0.61176472902297974 0.61176472902297974 1)
    (color-rgba 0.76129032258064555 0 1 1)
    (color-rgba 0 0.46967741935483875 1 1)
    (color-rgba 0.61290322580645162 0.61290322580645162 0.61290322580645162 1)
    (color-rgba 0.63741935483870971 0.63741935483870971 0.63741935483870971 1)
    (color-rgba 0.52258064516129032 0.52258064516129032 0.52258064516129032 1)
    (color-rgba 0.70322580645161292 0.70322580645161292 0.70322580645161292 1)
    (color-rgba 0.89935483870967747 0.89935483870967747 0.89935483870967747 1)
    (color-rgba 0.60392159223556519 0.3333333432674408 0.066666670143604279 1)
    (color-rgba 0 0.11354838709677439 1 1)
    (color-rgba 0.21935483870967754 1 0 1)
    (color-rgba 1 0.81290322580645169 0 1)
    (color-rgba 0.6051612903225807 0.33324133714880355 0.066189516129032261 1)
    (color-rgba 0.65161290322580645 0.35817689906347533 0 1)
    (color-rgba 0.39483870967741941 0.2200907388137357 0 1)
    (color-rgba 0.31483870967741934 0.17549719042663889 0 1)
    (color-rgba 0.15686275064945221 1 0 1)
    (color-rgba 1 0.86666667461395264 0 1)
    (color-rgba 0 0.34509804844856262 1 1)
    (color-rgba 1 0.47225806451612917 0 1)
    (color-rgba 0 0.34580645161290313 1 1)
    (color-rgba 1 0.86709677419354847 0 1)
    (color-rgba 0.1574193548387095 1 0 1)
    (color-rgba 0 1 0.14451612903225808 1)
    (color-rgba 0.94117647409439087 0.85098040103912354 0.45882353186607361 1)
    (color-rgba 0.98039215803146362 0.92941176891326904 0.5215686559677124 1)
    (color-rgba 0.93333333730697632 0.83921569585800171 0.44705882668495178 1)
    (color-rgba 0.91764706373214722 0.81176471710205078 0.41568627953529358 1)
    (color-rgba 0.99215686321258545 0.92549020051956177 0.52549022436141968 1)
    (color-rgba 0.90980392694473267 0.80392158031463623 0.41960784792900085 1)
    (color-rgba 0.98823529481887817 0.95686274766921997 0.53333336114883423 1)
    (color-rgba 1 0.96470588445663452 0.56078433990478516 1)
    (color-rgba 0.92156863212585449 0.84705883264541626 0.47058823704719543 1)
    (color-rgba 0.9843137264251709 0.93725490570068359 0.5372549295425415 1)
    (color-rgba 0.90980392694473267 0.75686275959014893 0.3803921639919281 1)
    (color-rgba 0.90196079015731812 0.72549021244049072 0.35686275362968445 1)
    (color-rgba 0.97254902124404907 0.90588235855102539 0.5058823823928833 1)
    (color-rgba 0.86666667461395264 0.729411780834198 0.35686275362968445 1)
    (color-rgba 0.89019608497619629 0.78431373834609985 0.4117647111415863 1)
    (color-rgba 0.91764706373214722 0.80784314870834351 0.42352941632270813 1)
    (color-rgba 0.88235294818878174 0.7450980544090271 0.364705890417099 1)
    (color-rgba 0.93725490570068359 0.83921569585800171 0.44705882668495178 1)
    (color-rgba 0.96470588445663452 0.95686274766921997 0.56470590829849243 1)
    (color-rgba 0.83921569585800171 0.66666668653488159 0.28627452254295349 1)
    (color-rgba 0.98823529481887817 0.94117647409439087 0.53333336114883423 1)
    (color-rgba 0.93725490570068359 0.83137255907058716 0.44313725829124451 1)
    (color-rgba 0 0.031372550874948502 0.12156863510608673 1)
    (color-rgba 0.80000000000000004 0.80000000000000004 0.80000000000000004 1)
    (color-rgba 0.73333333333333328 0.73333333333333328 0.73333333333333328 1)
    (color-rgba 0.98039215686274506 0.98039215686274506 0.98039215686274506 1)
    (color-rgba 0.20000000000000001 0.20000000000000001 0.20000000000000001 1)
    (color-rgba 0.46666666666666667 0.46666666666666667 0.46666666666666667 1)
    (color-rgba 0.95686274509803926 0.95686274509803926 0.95686274509803926 1)
    (color-rgba 0.047058828175067902 0.14901961386203766 0.16078431904315948 1)
    (color-rgba 0.14117647707462311 0.31372550129890442 0.364705890417099 1)
    (color-rgba 0.039215687662363052 0.13333334028720856 0.14117647707462311 1)
    (color-rgba 0.94117653369903564 0.82352948188781738 0.57647061347961426 1)
    (color-rgba 1 0.99215692281723022 1 1)
    (color-rgba 0.8599269183922047 0.8599269183922047 0.8599269183922047 1)
    (color-rgba 0.77101096224116927 0.77101096224116927 0.77101096224116927 1)
    (color-rgba 0 0 0.57978075517661387 1)
    (color-rgba 0 0 0.33130328867235082 1)
    (color-rgba 0 0 0.25675675675675674 1)
    (color-rgba 1 1 0 1)
    (color-rgba 0 0 1 1)
    (color-rgba 0 1 0 1)
    (color-rgba 0.15686275064945221 0.15686275064945221 0.15686275064945221 1)
    (color-rgba 0.062745101749897003 0.062745101749897003 0.062745101749897003 1)
    (color-rgba 0.18518518518518523 0.18518518518518523 0.18518518518518523 1)
    (color-rgba 0.15555555555555556 0.15555555555555556 0.15555555555555556 1)
    (color-rgba 0.096296296296296324 0.096296296296296324 0.096296296296296324 1)
    (color-rgba 0.062962962962962998 0.062962962962962998 0.062962962962962998 1)
    (color-rgba 0.1333333333333333 0.1333333333333333 0.1333333333333333 1)
    (color-rgba 0.76862752437591553 0.76862752437591553 0.76862752437591553 1)
    (color-rgba 0.65882354974746704 0.48235297203063965 0.3490196168422699 1)
    (color-rgba 0.6333333333333333 0.44145096173124887 0.29753914988814317 1)
    (color-rgba 0.67450982332229614 0.50196081399917603 0.37254902720451355 1)
    (color-rgba 0.77037037037037037 0.77037037037037037 0.77037037037037037 1)
    (color-rgba 0.56078433990478516 0 0 1)
    (color-rgba 0.55925925925925923 0 0 1)
    (color-rgba 0.24313727021217346 0.24313727021217346 0.24313727021217346 1)
    (color-rgba 0.24444444444444446 0.24444444444444446 0.24444444444444446 1)
    (color-rgba 0 0.088888888888888573 1 1)
    (color-rgba 0.32549020648002625 0.56078433990478516 0.10588236153125763 1)
    (color-rgba 0.54509806632995605 0.54509806632995605 0.54509806632995605 1)
    (color-rgba 0.089225589225589444 0 0.65432098765432101 1)
    (color-rgba 0.037037037037037035 0 0.27160493827160492 1)
    (color-rgba 0.19215688109397888 0.42352944612503052 0.78039222955703735 1)
    (color-rgba 1 0.93557046979865766 0.83892617449664431 1)
    (color-rgba 0.29019609093666077 0.30196079611778259 0.33725491166114807 1)
    (color-rgba 0.15436241610738255 1 0.61834055948209299 1)
    (color-rgba 0.12156863510608673 0.13333334028720856 0.15294118225574493 1)
    (color-rgba 0.08235294371843338 0.090196080505847931 0.074509806931018829 1)
    (color-rgba 0.41568630933761597 0.38431376218795776 0.29411765933036804 1)
    (color-rgba 1 0.7450980544090271 0.41960784792900085 1)
    (color-rgba 1 0.92941176891326904 0.48235294222831726 1)
    (color-rgba 0.25882354378700256 0.74901962280273438 0.92941176891326904 1)
    (color-rgba 0.70588237047195435 0.7764706015586853 0.48235294222831726 1)
    (color-rgba 1 0.66666668653488159 0.49411764740943909 1)
    (color-rgba 0 0 0 4.6393659289871323e-310)
    (color-rgba 0.41176474094390869 0.46274513006210327 0.40392160415649414 1)
    (color-rgba 0.25098040699958801 0.25098040699958801 0.25098040699958801 1)
    (color-rgba 0.27843138575553894 0.28235295414924622 0.29803922772407532 1)
    (color-rgba 0.32549020648002625 0.52549022436141968 0.9490196704864502 1)
    (color-rgba 0.26666668057441711 0.46666669845581055 0.88627457618713379 1)
    (color-rgba 0.37806482074803549 0.56304696945193833 0.95477386934673369 1)
    (color-rgba 0.47674614684159045 0.62401922261809883 0.9346733668341709 1)
    (color-rgba 0.26710734882466025 0.46564073953118612 0.88442211055276387 1)
    (color-rgba 0.3250817847627398 0.52597970121085347 0.94974874371859297 1)
    (color-rgba 0.1476510067114094 0.42177329601025271 1 1)
    (color-rgba 0.21702472092003638 0.48670038097395246 0.82914572864321612 1)
    (color-rgba 0.3403595156993019 0.57562367004055282 0.87437185929648242 1)
    (color-rgba 0.41125088529897813 0.63299411122981242 0.914572864321608 1)
    (color-rgba 0.32963475093588757 0.58512086524041018 0.90954773869346739 1)
    (color-rgba 0.40000003576278687 0.64705884456634521 0.96078437566757202 1)
    (color-rgba 0.29019609093666077 0.56470590829849243 0.91372555494308472 1)
    (color-rgba 0.10196079313755035 0.35686275362968445 0.67843139171600342 1)
    (color-rgba 0.39937944757343763 0.64798661521768397 0.95979899497487442 1)
    (color-rgba 0.28848942700077568 0.56622568866941558 0.914572864321608 1)
    (color-rgba 0.10016525580924758 0.35586349676953799 0.67839195979899491 1)
    (color-rgba 0.47651006711409394 0.70800310276213285 1 1)
    (color-rgba 0.26204849752116283 0.26204849752116283 0.52763819095477382 1)
    (color-rgba 0.65100671140939603 0.65100671140939603 1 1)
    (color-rgba 0.90196078431372551 0.90196078431372551 0.90196078431372551 1)
    (color-rgba 0.70980392156862748 0.70980392156862748 0.70980392156862748 1)
    (color-rgba 0.83921568627450982 0.83921575546264648 0.83921568627450982 1)
    (color-rgba 0.94117653369903564 0.94117647058823528 0.94117647058823528 1)
    (color-rgba 0.70588237047195435 0.70588237047195435 0.70588237047195435 1)
    (color-rgba 0.84705889225006104 0.83921575546264648 0.84313732385635376 1)
    (color-rgba 0.94117653369903564 0.93333339691162109 0.93725496530532837 1)
    (color-rgba 0.22352942824363708 0.23921570181846619 0.27843138575553894 1)
    (color-rgba 0.87843143939971924 0.65882354974746704 0.55294120311737061 1)
    (color-rgba 0.9647059440612793 0.85882359743118286 0.78431379795074463 1)
    (color-rgba 0.29019609093666077 0.28235295414924622 0.28627452254295349 1)
    (color-rgba 0.99607843160629272 0 0 1)
    (color-rgba 0.21176472306251526 0.22352942824363708 0.24705883860588074 1))

# end of colorrc
